  Params:     lr: 3.201424537060111e-05 
    weight_decay: 0.00042874683728669644 
    lookback: 9 
    wp: 0 
    nuclear: 0 
    solar: 1 
    cons: 0 
    cap: 0 
    year: 0 
    week: 1 
    day of week: 1 
    holiday: 1 
    flow: 1 
    GRU_A_n_layers: 1 
    GRU_A_n_units: 197 
    GRU_A_dropout: 0.12923583703553157 
