  Params:     lr: 0.00019756528163510374 
    weight_decay: 0.007469749255138571 
    lookback: 11 
    wp: 0 
    nuclear: 0 
    solar: 0 
    cons: 0 
    cap: 1 
    year: 0 
    week: 1 
    day of week: 0 
    holiday: 0 
    flow: 1 
    LSTM_A_n_layers: 1 
    LSTM_A_n_units: 202 
    LSTM_A_dropout: 0.21706843082596722 
