  Params:     lr: 0.0006127468306753773 
    weight_decay: 2.0369757669320026e-05 
    lookback: 7 
    wp: 0 
    nuclear: 1 
    solar: 0 
    cons: 0 
    cap: 1 
    year: 1 
    week: 1 
    day of week: 0 
    holiday: 0 
    flow: 1 
    LSTM_B_n_layers: 8 
    LSTM_B_n_units: 58 
    LSTM_B_dropout: 0.35142484441543403 
