  Params:     lr: 0.008742366400526898 
    weight_decay: 0.003906802468032698 
    lookback: 12 
    wp: 1 
    nuclear: 0 
    solar: 0 
    cons: 1 
    cap: 1 
    year: 1 
    week: 1 
    day of week: 1 
    holiday: 1 
    flow: 1 
    RNN_head_output_size: 11 
    MLP_head_output_size: 16 
    LSTM_B_n_layers: 4 
    LSTM_B_n_units: 177 
    LSTM_B_dropout: 0.15121733186804798 
    MLP_B_n_layers: 3 
    MLP_B_n_units_l0: 77 
    MLP_B_dropout_l0: 0.3702536354031349 
    MLP_B_n_units_l1: 209 
    MLP_B_dropout_l1: 0.3200228149578129 
    MLP_B_n_units_l2: 241 
    MLP_B_dropout_l2: 0.3188511273184517 
    Tail_B_n_layers: 7 
    Tail_B_n_units_l0: 114 
    Tail_B_dropout_l0: 0.3842118370059662 
    Tail_B_n_units_l1: 193 
    Tail_B_dropout_l1: 0.49773617227037004 
    Tail_B_n_units_l2: 233 
    Tail_B_dropout_l2: 0.058083800563535626 
    Tail_B_n_units_l3: 4 
    Tail_B_dropout_l3: 0.301211245273994 
    Tail_B_n_units_l4: 113 
    Tail_B_dropout_l4: 0.36280994972201297 
    Tail_B_n_units_l5: 190 
    Tail_B_dropout_l5: 0.16823008763828617 
    Tail_B_n_units_l6: 173 
    Tail_B_dropout_l6: 0.31604966465919193 
