  Params:     lr: 0.0005205099800570487 
    weight_decay: 0.0022403450161595185 
    lookback: 2 
    wp: 1 
    nuclear: 0 
    solar: 1 
    cons: 0 
    cap: 0 
    year: 0 
    week: 0 
    day of week: 0 
    holiday: 1 
    flow: 1 
    MLP_C_n_layers: 5 
    MLP_C_n_units_l0: 41 
    MLP_C_dropout_l0: 0.44266714321438994 
    MLP_C_n_units_l1: 109 
    MLP_C_dropout_l1: 0.26274642703843265 
    MLP_C_n_units_l2: 79 
    MLP_C_dropout_l2: 0.13855980164717097 
    MLP_C_n_units_l3: 216 
    MLP_C_dropout_l3: 0.06077477827562993 
    MLP_C_n_units_l4: 60 
    MLP_C_dropout_l4: 0.3727785774747779 
