  Params:     lr: 6.379207425868263e-05 
    weight_decay: 2.7046421698109044e-05 
    lookback: 19 
    wp: 1 
    nuclear: 0 
    solar: 1 
    cons: 1 
    cap: 0 
    year: 0 
    week: 1 
    day of week: 0 
    holiday: 0 
    flow: 1 
    RNN_head_output_size: 15 
    MLP_head_output_size: 4 
    LSTM_D_n_layers: 2 
    LSTM_D_n_units: 80 
    LSTM_D_dropout: 0.07417006838382023 
    MLP_D_n_layers: 5 
    MLP_D_n_units_l0: 53 
    MLP_D_dropout_l0: 0.302235742583964 
    MLP_D_n_units_l1: 17 
    MLP_D_dropout_l1: 0.481794268224683 
    MLP_D_n_units_l2: 166 
    MLP_D_dropout_l2: 0.17122009311135525 
    MLP_D_n_units_l3: 114 
    MLP_D_dropout_l3: 0.3352015757993326 
    MLP_D_n_units_l4: 86 
    MLP_D_dropout_l4: 0.08067261499390688 
    Tail_D_n_layers: 4 
    Tail_D_n_units_l0: 124 
    Tail_D_dropout_l0: 0.45936723093138143 
    Tail_D_n_units_l1: 50 
    Tail_D_dropout_l1: 0.17522563610943964 
    Tail_D_n_units_l2: 129 
    Tail_D_dropout_l2: 0.21262615699490423 
    Tail_D_n_units_l3: 89 
    Tail_D_dropout_l3: 0.49538934625980874 
